[0, -160, -320]
[1, 864, 576]
[1, 1120, 576]
[1, 1376, 576]
[1, 1632, 576]
[1, 1888, 576]
[1, 1888, 704]
[1, -416, -320]
[1, -672, -320]
[1, -928, -320]
[1, -1184, -320]
[1, -1440, -320]
[1, -1696, -320]
[1, -1952, -320]
[1, -2208, -320]
[1, -2464, -320]
[1, -2720, -320]
[1, -2976, -320]
[1, -3232, -320]
[1, -1952, -448]
[1, -1952, -576]
[1, -1952, -704]
[1, -1952, -832]
[1, -1952, -960]
[1, -1952, -1088]
[1, -2208, -1088]
[1, -1696, -1088]
[1, -1696, -1216]
[1, -2208, -1216]
[0, -4256, -448]
[1, -4512, 448]
[1, -4768, 448]
[1, -5024, 448]
[1, -5280, 448]
[1, -5536, 448]
[1, -5536, 576]
[1, -5536, 704]
[1, -5536, 832]
[1, -5536, 960]
[1, -5536, 1088]
[4, -5472, 1056]
[3, -64, -192]
[3, 64, -320]
[3, 2080, 608]
[2, 1952, 736]
[3, 1664, 608]
[3, 832, 640]
[3, 736, 480]
[3, -288, -288]
[3, -1280, -288]
[3, -2240, -288]
[3, -3104, -288]
[3, -2112, -1024]
[3, -1984, -1056]
[3, -1792, -1088]
[3, -1632, -1024]
[2, -1632, -1152]
[2, -2144, -1184]
[3, -4192, -416]
[3, -4192, -288]
[3, -3968, -416]
[3, -3456, -384]
[3, -3680, -352]
[3, -3360, -160]
[3, -3360, 64]
[3, -3392, 352]
[3, -3616, 448]
[3, -4224, 480]
[3, -4192, 352]
[3, -3904, 448]
[3, -4064, -32]
[3, -4096, 128]
[3, -4992, 480]
[3, -5440, 736]
